1 0.8892075892857143 0.32699776785714285 0.21736607142857142 0.11687499999999999
1 0.24731026785714286 0.2822321428571429 0.12316964285714285 0.028660714285714286
1 0.088046875 0.2810044642857143 0.1760825892857143 0.08709821428571429
1 0.40454241071428576 0.2778348214285714 0.03943080357142857 0.012767857142857142
1 0.7104464285714285 0.2680691964285714 0.22949776785714285 0.05380580357142857
0 0.4716852678571429 0.5258816964285714 0.06292410714285715 0.07006696428571428
1 0.888671875 0.2687946428571429 0.20849330357142856 0.07208705357142857
1 0.607421875 0.2634263392857143 0.09253348214285714 0.03149553571428571
1 0.4370089285714286 0.279296875 0.04138392857142857 0.011830357142857142
1 0.5234375 0.2700223214285714 0.06359374999999999 0.014553571428571428
1 0.5703125 0.2690401785714286 0.04699776785714286 0.018158482142857143
1 0.467890625 0.2788169642857143 0.03327008928571428 0.017823660714285715