1 0.65625 0.2670870535714286 0.19348214285714288 0.04587053571428572
0 0.47045758928571424 0.5224665178571428 0.06255580357142856 0.07135044642857143
1 0.8294642857142858 0.294921875 0.34106026785714283 0.11474330357142858
1 0.100234375 0.2826339285714286 0.19693080357142856 0.09258928571428571
1 0.5405245535714286 0.2670870535714286 0.06670758928571428 0.019832589285714287
1 0.38925223214285715 0.27765625 0.03416294642857143 0.009988839285714285
1 0.4462946428571429 0.2727008928571429 0.029754464285714287 0.014620535714285714
1 0.42212053571428576 0.2746540178571429 0.03876116071428571 0.01390625
1 0.5029352678571428 0.2690401785714286 0.04525669642857143 0.012578124999999999
1 0.11311383928571428 0.48117187499999997 0.22315848214285713 0.22688616071428572
1 0.7338839285714285 0.29662946428571424 0.14636160714285712 0.05941964285714286
1 0.890625 0.2529352678571429 0.1838392857142857 0.045200892857142856