1 0.8287992628793875 0.4994197551818849 0.3375186617412266 0.38629068223876944
1 0.78955078125 0.282470703125 0.408447265625 0.1114501953125
1 0.371826171875 0.272216796875 0.029876708984375 0.0099334716796875
0 0.460205078125 0.525390625 0.0634765625 0.0726318359375
1 0.1630859375 0.4208984375 0.32568359375 0.376220703125
1 0.6083984375 0.2666015625 0.1634521484375 0.04046630859375
1 0.426025390625 0.271240234375 0.0282745361328125 0.01116180419921875
1 0.11474609375 0.271240234375 0.2186279296875 0.0802001953125
1 0.400146484375 0.273681640625 0.0219879150390625 0.008880615234375
1 0.6494140625 0.288330078125 0.10540771484375 0.04931640625
1 0.5029296875 0.266845703125 0.07196044921875 0.018768310546875