1 0.07246520784166134 0.29175258530260967 0.14493041568332243 0.07640693876978101
1 0.11971222300048077 0.285442429432174 0.17767820602111534 0.038497314337917844
1 0.2652571272383959 0.27269222716504177 0.16507686878937705 0.03250817670665467
1 0.81927490234375 0.27197265625 0.3614501953125 0.07104492187500003
1 0.42626953125 0.279541015625 0.04217529296875 0.0135345458984375
0 0.467529296875 0.52783203125 0.0616455078125 0.07196044921875
1 0.46240234375 0.281005859375 0.045257568359375 0.01337432861328125
1 0.491943359375 0.27490234375 0.041534423828125 0.020294189453125
1 0.6028847834993221 0.266357421875 0.18070504237635593 0.029815673828124997
1 0.5390625 0.2705078125 0.04931640625 0.0141754150390625
1 0.311767578125 0.2548828125 0.131591796875 0.04296875