1 0.32198660714285715 0.6356026785714286 0.09040178571428571 0.16294642857142858
1 0.4135044642857143 0.8900669642857143 0.14397321428571427 0.21986607142857142
1 0.3521205357142857 0.7779017857142857 0.04575892857142857 0.1328125
1 0.3783482142857143 0.9174107142857143 0.030133928571428572 0.06808035714285714
1 0.39620535714285715 0.8727678571428571 0.052455357142857144 0.1328125
1 0.36439732142857145 0.8800223214285714 0.027901785714285716 0.06138392857142857
1 0.28627232142857145 0.44308035714285715 0.0390625 0.07142857142857142
1 0.3515625 0.8219866071428571 0.014508928571428572 0.033482142857142856
1 0.28627232142857145 0.5161830357142857 0.020089285714285716 0.046875
1 0.36607142857142855 0.8292410714285714 0.025669642857142856 0.07142857142857142
1 0.38783482142857145 0.9676339285714286 0.0390625 0.06473214285714286
1 0.33984375 0.7444196428571429 0.017857142857142856 0.0390625
1 0.27511160714285715 0.33314732142857145 0.15959821428571427 0.2421875
1 0.28292410714285715 0.40066964285714285 0.07924107142857142 0.1328125
1 0.28125 0.46707589285714285 0.03236607142857143 0.06696428571428571
1 0.24497767857142858 0.12444196428571429 0.15513392857142858 0.20535714285714285
1 0.34486607142857145 0.7823660714285714 0.018973214285714284 0.046875
1 0.4140625 0.9581473214285714 0.046875 0.08370535714285714
1 0.3716517857142857 0.10435267857142858 0.14174107142857142 0.1953125
0 0.5161830357142857 0.484375 0.078125 0.060267857142857144