1 0.5558035714285714 0.65625 0.36830357142857145 0.6875
1 0.69921875 0.1875 0.23549107142857142 0.3482142857142857
1 0.6774553571428571 0.6411830357142857 0.026785714285714284 0.07589285714285714
1 0.6908482142857143 0.4095982142857143 0.0859375 0.1953125
1 0.5948660714285714 0.9079241071428571 0.044642857142857144 0.10491071428571429
1 0.5463169642857143 0.96484375 0.06361607142857142 0.0703125
1 0.6456473214285714 0.7806919642857143 0.09933035714285714 0.203125
1 0.609375 0.875 0.026785714285714284 0.04799107142857143
1 0.5736607142857143 0.9475446428571429 0.030133928571428572 0.0625
1 0.5574776785714286 0.9949776785714286 0.0234375 0.010044642857142858
0 0.4185267857142857 0.6640625 0.060267857142857144 0.06584821428571429