1 0.6735491071428571 0.7801339285714286 0.32142857142857145 0.43191964285714285
1 0.6316964285714286 0.18136160714285715 0.049107142857142856 0.12723214285714285
1 0.6646205357142857 0.3314732142857143 0.10379464285714286 0.18415178571428573
1 0.6568080357142857 0.24553571428571427 0.029017857142857144 0.06919642857142858
1 0.5452008928571429 0.04966517857142857 0.09486607142857142 0.09933035714285714
1 0.6010044642857143 0.03125 0.03236607142857143 0.0625
1 0.6004464285714286 0.12890625 0.060267857142857144 0.13169642857142858
1 0.5792410714285714 0.06696428571428571 0.05803571428571429 0.13392857142857142
1 0.7075892857142857 0.46986607142857145 0.020089285714285716 0.049107142857142856
1 0.6216517857142857 0.09040178571428571 0.036830357142857144 0.08816964285714286
1 0.6478794642857143 0.21986607142857142 0.020089285714285716 0.044642857142857144
1 0.6166294642857143 0.13169642857142858 0.029017857142857144 0.08705357142857142
1 0.69140625 0.35379464285714285 0.052455357142857144 0.11383928571428571
1 0.6339285714285714 0.13504464285714285 0.016741071428571428 0.04017857142857143
1 0.7131696428571429 0.60546875 0.1015625 0.17745535714285715
1 0.7254464285714286 0.6869419642857143 0.140625 0.19866071428571427
1 0.7114955357142857 0.5178571428571429 0.036830357142857144 0.078125
1 0.6674107142857143 0.28013392857142855 0.015625 0.03236607142857143
1 0.6149553571428571 0.005022321428571429 0.026785714285714284 0.010044642857142858
1 0.6428571428571429 0.18136160714285715 0.016741071428571428 0.04017857142857143
1 0.7014508928571429 0.34486607142857145 0.024553571428571428 0.06696428571428571
1 0.7762276785714286 0.8091517857142857 0.1171875 0.32700892857142855
0 0.4642857142857143 0.5044642857142857 0.08705357142857142 0.06473214285714286