1 0.7712053571428571 0.6350446428571429 0.12611607142857142 0.056919642857142856
1 0.3716517857142857 0.7131696428571429 0.07254464285714286 0.033482142857142856
1 0.13392857142857142 0.6875 0.26674107142857145 0.11495535714285714
1 0.6752232142857143 0.6875 0.3482142857142857 0.07924107142857142
1 0.9185267857142857 0.5401785714285714 0.16183035714285715 0.09709821428571429
1 0.5669642857142857 0.7064732142857143 0.1640625 0.04241071428571429
1 0.056919642857142856 0.6004464285714286 0.11272321428571429 0.18415178571428573
1 0.42857142857142855 0.7109375 0.0625 0.020089285714285716
1 0.2700892857142857 0.7075892857142857 0.03794642857142857 0.012276785714285714
1 0.23995535714285715 0.6986607142857143 0.07254464285714286 0.04352678571428571
1 0.05022321428571429 0.7287946428571429 0.09933035714285714 0.033482142857142856
0 0.8147321428571429 0.4486607142857143 0.06808035714285714 0.08370535714285714