1 0.8024553571428571 0.3482142857142857 0.38950892857142855 0.16629464285714285
1 0.24665178571428573 0.3236607142857143 0.20758928571428573 0.04799107142857143
1 0.45870535714285715 0.30357142857142855 0.09375 0.03571428571428571
1 0.3404017857142857 0.3091517857142857 0.0625 0.015625
1 0.71875 0.30357142857142855 0.22433035714285715 0.08258928571428571
1 0.6004464285714286 0.31026785714285715 0.0703125 0.036830357142857144
1 0.5736607142857143 0.30245535714285715 0.04799107142857143 0.017857142857142856
1 0.08370535714285714 0.3359375 0.16183035714285715 0.046875
1 0.1796875 0.35044642857142855 0.12946428571428573 0.046875
1 0.3783482142857143 0.3080357142857143 0.05803571428571429 0.018973214285714284
1 0.25892857142857145 0.3013392857142857 0.03236607142857143 0.005580357142857143
1 0.07924107142857142 0.39174107142857145 0.14732142857142858 0.08816964285714286
1 0.9162946428571429 0.29910714285714285 0.15959821428571427 0.024553571428571428
1 0.453125 0.29129464285714285 0.044642857142857144 0.012276785714285714
1 0.036830357142857144 0.3091517857142857 0.046875 0.025669642857142856
0 0.47433035714285715 0.53125 0.05022321428571429 0.06919642857142858