1 0.37723214285714285 0.4330357142857143 0.6116071428571429 0.29464285714285715
1 0.07366071428571429 0.3828125 0.14620535714285715 0.06584821428571429
1 0.6540178571428571 0.31919642857142855 0.23214285714285715 0.05803571428571429
1 0.2611607142857143 0.33035714285714285 0.18973214285714285 0.10379464285714286
1 0.41964285714285715 0.3013392857142857 0.07366071428571429 0.016741071428571428
1 0.14955357142857142 0.34151785714285715 0.08035714285714286 0.026785714285714284
1 0.8370535714285714 0.34375 0.3247767857142857 0.18526785714285715
1 0.19642857142857142 0.3314732142857143 0.05580357142857143 0.021205357142857144
1 0.12276785714285714 0.35379464285714285 0.05580357142857143 0.018973214285714284
1 0.0703125 0.359375 0.056919642857142856 0.017857142857142856
1 0.014508928571428572 0.42857142857142855 0.029017857142857144 0.029017857142857144
0 0.3783482142857143 0.5435267857142857 0.060267857142857144 0.05580357142857143