1 0.3404017857142857 0.4252232142857143 0.6808035714285714 0.27232142857142855
1 0.8370535714285714 0.35044642857142855 0.3247767857142857 0.18861607142857142
1 0.38839285714285715 0.31026785714285715 0.07366071428571429 0.016741071428571428
1 0.6171875 0.32924107142857145 0.18526785714285715 0.05915178571428571
1 0.1171875 0.35379464285714285 0.10044642857142858 0.03125
1 0.044642857142857144 0.39285714285714285 0.08482142857142858 0.052455357142857144
1 0.24888392857142858 0.32254464285714285 0.19196428571428573 0.07142857142857142
1 0.15178571428571427 0.34486607142857145 0.044642857142857144 0.020089285714285716
1 0.07589285714285714 0.36941964285714285 0.05915178571428571 0.022321428571428572
1 0.016741071428571428 0.37723214285714285 0.030133928571428572 0.021205357142857144
0 0.33035714285714285 0.5602678571428571 0.05803571428571429 0.052455357142857144