1 0.43359375 0.6506696428571429 0.34933035714285715 0.6863839285714286
1 0.36830357142857145 0.9497767857142857 0.07589285714285714 0.09263392857142858
1 0.31919642857142855 0.34095982142857145 0.07366071428571429 0.2578125
1 0.31640625 0.7751116071428571 0.12165178571428571 0.21205357142857142
1 0.29017857142857145 0.5987723214285714 0.022321428571428572 0.08258928571428571
1 0.32421875 0.8989955357142857 0.033482142857142856 0.08928571428571429
1 0.3515625 0.16127232142857142 0.21651785714285715 0.32254464285714285
1 0.31473214285714285 0.8465401785714286 0.025669642857142856 0.06361607142857142
1 0.3364955357142857 0.9285714285714286 0.0234375 0.0625
1 0.34151785714285715 0.9748883928571429 0.021205357142857144 0.041294642857142856
0 0.5558035714285714 0.6540178571428571 0.06361607142857142 0.06919642857142858