1 0.5993303571428571 0.7064732142857143 0.16294642857142858 0.09040178571428571
1 0.8727678571428571 0.6808035714285714 0.22767857142857142 0.14285714285714285
1 0.7438616071428571 0.7109375 0.1328125 0.04575892857142857
1 0.88671875 0.7204241071428571 0.06808035714285714 0.030133928571428572
1 0.84765625 0.6919642857142857 0.1328125 0.052455357142857144
1 0.8459821428571429 0.7248883928571429 0.06138392857142857 0.027901785714285716
1 0.4029017857142857 0.6947544642857143 0.07142857142857142 0.0390625
1 0.7873883928571429 0.7232142857142857 0.033482142857142856 0.014508928571428572
1 0.47488839285714285 0.7126116071428571 0.046875 0.020089285714285716
1 0.7979910714285714 0.7098214285714286 0.07142857142857142 0.025669642857142856
1 0.94140625 0.7248883928571429 0.07142857142857142 0.03794642857142857
1 0.7098214285714286 0.7159598214285714 0.0390625 0.017857142857142856
1 0.29464285714285715 0.6785714285714286 0.2421875 0.15959821428571427
1 0.36216517857142855 0.6875 0.1328125 0.07924107142857142
1 0.4252232142857143 0.7053571428571429 0.06696428571428571 0.03236607142857143
1 0.09375 0.6573660714285714 0.1875 0.15625
1 0.74609375 0.7193080357142857 0.046875 0.018973214285714284
1 0.9369419642857143 0.6964285714285714 0.08816964285714286 0.04575892857142857
1 0.09598214285714286 0.5290178571428571 0.19196428571428573 0.14285714285714285
0 0.5 0.48214285714285715 0.060267857142857144 0.078125