1 0.765625 0.7209821428571429 0.4341517857142857 0.23883928571428573
1 0.16183035714285715 0.6618303571428571 0.23549107142857142 0.08370535714285714
1 0.390625 0.7170758928571429 0.10825892857142858 0.05357142857142857
1 0.2622767857142857 0.6930803571428571 0.07142857142857142 0.026785714285714284
1 0.67578125 0.7566964285714286 0.2578125 0.125
1 0.5463169642857143 0.7310267857142857 0.08147321428571429 0.05133928571428571
1 0.5167410714285714 0.7354910714285714 0.0546875 0.026785714285714284
1 0.03794642857142857 0.6300223214285714 0.07589285714285714 0.06584821428571429
1 0.09263392857142858 0.6233258928571429 0.14955357142857142 0.07142857142857142
1 0.30301339285714285 0.6997767857142857 0.06584821428571429 0.030133928571428572
1 0.17131696428571427 0.6891741071428571 0.036830357142857144 0.011160714285714286
1 0.03850446428571429 0.5680803571428571 0.07700892857142858 0.109375
1 0.8828125 0.7918526785714286 0.16294642857142858 0.049107142857142856
1 0.3822544642857143 0.7293526785714286 0.05133928571428571 0.021205357142857144
0 0.44252232142857145 0.4693080357142857 0.06473214285714286 0.08258928571428571