1 0.77734375 0.6774553571428571 0.43191964285714285 0.3091517857142857
1 0.20926339285714285 0.6283482142857143 0.11830357142857142 0.04799107142857143
1 0.34765625 0.6612723214285714 0.171875 0.09933035714285714
1 0.26785714285714285 0.65234375 0.06473214285714286 0.029017857142857144
1 0.06808035714285714 0.5412946428571429 0.13616071428571427 0.09598214285714286
1 0.06808035714285714 0.5970982142857143 0.0625 0.03125
1 0.16183035714285715 0.59765625 0.12276785714285714 0.056919642857142856
1 0.09709821428571429 0.5775669642857143 0.13839285714285715 0.056919642857142856
1 0.4760044642857143 0.703125 0.04575892857142857 0.018973214285714284
1 0.125 0.6166294642857143 0.08147321428571429 0.03571428571428571
1 0.24441964285714285 0.6434151785714286 0.04241071428571429 0.018973214285714284
1 0.16294642857142858 0.6127232142857143 0.08147321428571429 0.029017857142857144
1 0.36886160714285715 0.6858258928571429 0.10602678571428571 0.05022321428571429
1 0.16629464285714285 0.62890625 0.03794642857142857 0.015625
1 0.6015625 0.7092633928571429 0.16517857142857142 0.09709821428571429
1 0.6774553571428571 0.7220982142857143 0.18526785714285715 0.13392857142857142
1 0.5206473214285714 0.70703125 0.07254464285714286 0.03459821428571429
1 0.3002232142857143 0.6623883928571429 0.030133928571428572 0.016741071428571428
1 0.025111607142857144 0.6060267857142857 0.05022321428571429 0.03125
1 0.20870535714285715 0.6383928571428571 0.036830357142857144 0.015625
1 0.3599330357142857 0.6941964285714286 0.0625 0.024553571428571428
1 0.8018973214285714 0.7745535714285714 0.3314732142857143 0.11830357142857142
0 0.5111607142857143 0.47767857142857145 0.06138392857142857 0.08147321428571429