1 0.3828125 0.31808035714285715 0.15066964285714285 0.0703125
1 0.11495535714285714 0.37611607142857145 0.22544642857142858 0.11272321428571429
1 0.24330357142857142 0.3314732142857143 0.12611607142857142 0.029017857142857144
1 0.10491071428571429 0.3392857142857143 0.06361607142857142 0.022321428571428572
1 0.14620535714285715 0.36160714285714285 0.12611607142857142 0.03571428571428571
1 0.14397321428571427 0.33035714285714285 0.05803571428571429 0.020089285714285716
1 0.5736607142857143 0.30691964285714285 0.06584821428571429 0.030133928571428572
1 0.20089285714285715 0.3247767857142857 0.03125 0.011160714285714286
1 0.5022321428571429 0.29799107142857145 0.044642857142857144 0.014508928571428572
1 0.19196428571428573 0.33816964285714285 0.06808035714285714 0.016741071428571428
1 0.04352678571428571 0.34151785714285715 0.08370535714285714 0.030133928571428572
1 0.27566964285714285 0.32254464285714285 0.036830357142857144 0.012276785714285714
1 0.6796875 0.3091517857142857 0.22098214285714285 0.12834821428571427
1 0.6138392857142857 0.3091517857142857 0.12165178571428571 0.06361607142857142
1 0.5502232142857143 0.29910714285714285 0.06361607142857142 0.0234375
1 0.8950892857142857 0.3046875 0.20647321428571427 0.12834821428571427
1 0.23995535714285715 0.3236607142857143 0.044642857142857144 0.012276785714285714
1 0.05580357142857143 0.36941964285714285 0.09151785714285714 0.03459821428571429
1 0.8973214285714286 0.42857142857142855 0.19308035714285715 0.1171875
0 0.5055803571428571 0.5223214285714286 0.05022321428571429 0.0703125