1 0.37109375 0.45982142857142855 0.6819196428571429 0.38950892857142855
1 0.0625 0.4453125 0.125 0.08482142857142858
1 0.6489955357142857 0.3041294642857143 0.25111607142857145 0.09040178571428571
1 0.23604910714285715 0.3671875 0.21316964285714285 0.1328125
1 0.39955357142857145 0.31529017857142855 0.07924107142857142 0.026785714285714284
1 0.11886160714285714 0.39285714285714285 0.08816964285714286 0.0390625
1 0.8253348214285714 0.3091517857142857 0.32924107142857145 0.23325892857142858
1 0.16796875 0.37667410714285715 0.06138392857142857 0.029017857142857144
1 0.09319196428571429 0.4095982142857143 0.06138392857142857 0.026785714285714284
1 0.03962053571428571 0.42299107142857145 0.06361607142857142 0.026785714285714284
1 0.0027901785714285715 0.5005580357142857 0.005580357142857143 0.03236607142857143
0 0.38671875 0.5770089285714286 0.07142857142857142 0.06696428571428571