1 0.6595982142857143 0.17578125 0.19419642857142858 0.3515625
1 0.7154017857142857 0.7287946428571429 0.0625 0.22321428571428573
1 0.7248883928571429 0.5027901785714286 0.04352678571428571 0.1015625
1 0.7260044642857143 0.62890625 0.020089285714285716 0.06696428571428571
1 0.7103794642857143 0.22767857142857142 0.09933035714285714 0.2421875
1 0.7103794642857143 0.35379464285714285 0.04241071428571429 0.07700892857142858
1 0.7193080357142857 0.38113839285714285 0.021205357142857144 0.052455357142857144
1 0.7120535714285714 0.90234375 0.05915178571428571 0.17299107142857142
1 0.69140625 0.8018973214285714 0.056919642857142856 0.140625
1 0.7248883928571429 0.5887276785714286 0.0234375 0.0625
1 0.73828125 0.7142857142857143 0.008928571428571428 0.033482142857142856
1 0.65234375 0.91015625 0.1015625 0.16071428571428573
1 0.7053571428571429 0.05133928571428571 0.03125 0.10267857142857142
1 0.73828125 0.5089285714285714 0.015625 0.049107142857142856
1 0.7427455357142857 0.9508928571428571 0.030133928571428572 0.05022321428571429
0 0.48214285714285715 0.49888392857142855 0.07477678571428571 0.05580357142857143