1 0.7991071428571429 0.3627232142857143 0.40066964285714285 0.25558035714285715
1 0.22991071428571427 0.3325892857142857 0.11495535714285714 0.03236607142857143
1 0.3716517857142857 0.31919642857142855 0.16294642857142858 0.07700892857142858
1 0.29129464285714285 0.3169642857142857 0.0625 0.020089285714285716
1 0.07142857142857142 0.39732142857142855 0.140625 0.07700892857142858
1 0.0859375 0.34375 0.060267857142857144 0.0234375
1 0.17857142857142858 0.3560267857142857 0.11830357142857142 0.041294642857142856
1 0.11160714285714286 0.3671875 0.13392857142857142 0.0390625
1 0.5044642857142857 0.29575892857142855 0.044642857142857144 0.013392857142857142
1 0.14508928571428573 0.3325892857142857 0.07924107142857142 0.024553571428571428
1 0.26674107142857145 0.32254464285714285 0.041294642857142856 0.013392857142857142
1 0.18191964285714285 0.34151785714285715 0.07924107142857142 0.017857142857142856
1 0.39620535714285715 0.29799107142857145 0.1015625 0.036830357142857144
1 0.1875 0.32589285714285715 0.036830357142857144 0.011160714285714286
1 0.6294642857142857 0.30691964285714285 0.15625 0.07589285714285714
1 0.7064732142857143 0.3046875 0.171875 0.11160714285714286
1 0.5491071428571429 0.29799107142857145 0.06919642857142858 0.025669642857142856
1 0.3247767857142857 0.31138392857142855 0.029017857142857144 0.012276785714285714
1 0.03459821428571429 0.32700892857142855 0.06919642857142858 0.022321428571428572
1 0.23102678571428573 0.32254464285714285 0.03571428571428571 0.011160714285714286
1 0.38839285714285715 0.28794642857142855 0.06138392857142857 0.015625
1 0.8370535714285714 0.2700892857142857 0.3247767857142857 0.07366071428571429
0 0.5078125 0.5234375 0.05133928571428571 0.07477678571428571