1 0.32533482142857145 0.7594866071428571 0.07254464285714286 0.12723214285714285
1 0.31138392857142855 0.3705357142857143 0.04241071428571429 0.07477678571428571
1 0.3744419642857143 0.14174107142857142 0.15513392857142858 0.28348214285714285
1 0.2890625 0.6607142857142857 0.12723214285714285 0.3404017857142857
1 0.39285714285714285 0.9112723214285714 0.11495535714285714 0.16517857142857142
1 0.2890625 0.5558035714285714 0.06473214285714286 0.16071428571428573
1 0.4681919642857143 0.078125 0.19754464285714285 0.15625
1 0.3052455357142857 0.42410714285714285 0.029017857142857144 0.06138392857142857
1 0.33091517857142855 0.27566964285714285 0.016741071428571428 0.036830357142857144
1 0.3443080357142857 0.24832589285714285 0.05133928571428571 0.07477678571428571
1 0.34542410714285715 0.06417410714285714 0.046875 0.09821428571428571
0 0.49441964285714285 0.8270089285714286 0.08816964285714286 0.07589285714285714