1 0.24107142857142858 0.3794642857142857 0.11495535714285714 0.052455357142857144
1 0.6060267857142857 0.3080357142857143 0.06696428571428571 0.030133928571428572
1 0.8515625 0.3314732142857143 0.296875 0.10491071428571429
1 0.328125 0.3314732142857143 0.31919642857142855 0.07254464285714286
1 0.09040178571428571 0.4654017857142857 0.1796875 0.08816964285714286
1 0.42745535714285715 0.31473214285714285 0.15066964285714285 0.0390625
1 0.921875 0.4107142857142857 0.15625 0.16852678571428573
1 0.5546875 0.31026785714285715 0.056919642857142856 0.018973214285714284
1 0.6986607142857143 0.3125 0.03459821428571429 0.011160714285714286
1 0.7265625 0.32142857142857145 0.06584821428571429 0.0390625
1 0.9006696428571429 0.2935267857142857 0.09040178571428571 0.030133928571428572
0 0.20089285714285715 0.5502232142857143 0.0625 0.07589285714285714