1 0.18247767857142858 0.41573660714285715 0.3515625 0.10714285714285714
1 0.3197544642857143 0.3549107142857143 0.11830357142857142 0.046875
1 0.6930803571428571 0.31808035714285715 0.06808035714285714 0.036830357142857144
1 0.4497767857142857 0.33370535714285715 0.03125 0.016741071428571428
1 0.82421875 0.328125 0.09040178571428571 0.03236607142857143
1 0.5993303571428571 0.3236607142857143 0.06361607142857142 0.030133928571428572
1 0.6422991071428571 0.32700892857142855 0.046875 0.020089285714285716
1 0.4380580357142857 0.3404017857142857 0.024553571428571428 0.010044642857142858
1 0.03571428571428571 0.47042410714285715 0.07142857142857142 0.0390625
1 0.42689732142857145 0.3359375 0.03125 0.013392857142857142
1 0.5139508928571429 0.3325892857142857 0.018973214285714284 0.011160714285714286
1 0.9737723214285714 0.3404017857142857 0.027901785714285716 0.033482142857142856
1 0.7689732142857143 0.328125 0.04017857142857143 0.015625
1 0.9235491071428571 0.31082589285714285 0.09151785714285714 0.06473214285714286
1 0.5446428571428571 0.31808035714285715 0.06919642857142858 0.022321428571428572
1 0.6573660714285714 0.30859375 0.06584821428571429 0.033482142857142856
0 0.5362723214285714 0.5569196428571429 0.06919642857142858 0.078125