1 0.5591517857142857 0.17243303571428573 0.12834821428571427 0.34486607142857145
1 0.6272321428571429 0.30189732142857145 0.05357142857142857 0.1171875
1 0.6886160714285714 0.6640625 0.04017857142857143 0.06919642857142858
1 0.6573660714285714 0.42689732142857145 0.018973214285714284 0.03236607142857143
1 0.6875 0.7924107142857143 0.036830357142857144 0.08816964285714286
1 0.6768973214285714 0.5719866071428571 0.033482142857142856 0.06361607142857142
1 0.6763392857142857 0.6138392857142857 0.0234375 0.046875
1 0.6495535714285714 0.41573660714285715 0.012276785714285714 0.024553571428571428
1 0.49441964285714285 0.033482142857142856 0.04241071428571429 0.06696428571428571
1 0.6534598214285714 0.40513392857142855 0.014508928571428572 0.030133928571428572
1 0.6623883928571429 0.48939732142857145 0.011160714285714286 0.017857142857142856
1 0.6880580357142857 0.9497767857142857 0.03794642857142857 0.052455357142857144
1 0.6847098214285714 0.73828125 0.017857142857142856 0.0390625
1 0.7120535714285714 0.8872767857142857 0.06808035714285714 0.09151785714285714
1 0.6791294642857143 0.51953125 0.026785714285714284 0.06808035714285714
1 0.6947544642857143 0.6277901785714286 0.036830357142857144 0.06584821428571429
0 0.4447544642857143 0.5267857142857143 0.08147321428571429 0.07254464285714286