1 0.5848214285714286 0.8883928571428571 0.06696428571428571 0.14955357142857142
1 0.6545758928571429 0.20089285714285715 0.15959821428571427 0.3783482142857143
1 0.6328125 0.6534598214285714 0.029017857142857144 0.07924107142857142
1 0.6037946428571429 0.7645089285714286 0.041294642857142856 0.11160714285714286
1 0.5424107142857143 0.9425223214285714 0.09151785714285714 0.11495535714285714
1 0.6685267857142857 0.35435267857142855 0.022321428571428572 0.06919642857142858
1 0.6590401785714286 0.55078125 0.03236607142857143 0.08258928571428571
1 0.6088169642857143 0.7868303571428571 0.017857142857142856 0.05022321428571429
1 0.6372767857142857 0.6194196428571429 0.018973214285714284 0.03794642857142857
1 0.65625 0.5022321428571429 0.010044642857142858 0.021205357142857144
1 0.6534598214285714 0.515625 0.011160714285714286 0.030133928571428572
1 0.6713169642857143 0.4252232142857143 0.030133928571428572 0.06696428571428571
0 0.42578125 0.45591517857142855 0.07254464285714286 0.06473214285714286