1 0.7299107142857143 0.35714285714285715 0.03571428571428571 0.011160714285714286
1 0.6049107142857143 0.35714285714285715 0.05133928571428571 0.022321428571428572
1 0.6395089285714286 0.35714285714285715 0.041294642857142856 0.015625
1 0.29575892857142855 0.36160714285714285 0.09486607142857142 0.027901785714285716
1 0.40736607142857145 0.34263392857142855 0.11607142857142858 0.03236607142857143
1 0.13839285714285715 0.390625 0.2689732142857143 0.06808035714285714
1 0.5613839285714286 0.35267857142857145 0.03571428571428571 0.015625
1 0.9263392857142857 0.39285714285714285 0.14285714285714285 0.05357142857142857
1 0.03125 0.40625 0.06138392857142857 0.03459821428571429
1 0.22209821428571427 0.375 0.08816964285714286 0.03571428571428571
0 0.49330357142857145 0.5814732142857143 0.05580357142857143 0.06361607142857142