1 0.46316964285714285 0.3470982142857143 0.20982142857142858 0.0703125
1 0.703125 0.3515625 0.22321428571428573 0.06584821428571429
1 0.9017857142857143 0.41964285714285715 0.18861607142857142 0.09821428571428571
1 0.5881696428571429 0.44419642857142855 0.2533482142857143 0.14620535714285715
1 0.125 0.34263392857142855 0.23883928571428573 0.08147321428571429
1 0.5424107142857143 0.4017857142857143 0.14732142857142858 0.0625
1 0.07924107142857142 0.3203125 0.140625 0.0390625
1 0.44754464285714285 0.328125 0.06696428571428571 0.030133928571428572
1 0.40736607142857145 0.3236607142857143 0.05022321428571429 0.020089285714285716
1 0.34933035714285715 0.33370535714285715 0.0625 0.015625
1 0.38950892857142855 0.32589285714285715 0.027901785714285716 0.013392857142857142
1 0.2109375 0.32589285714285715 0.09375 0.03125
0 0.43191964285714285 0.5669642857142857 0.06473214285714286 0.07142857142857142