1 0.32254464285714285 0.3470982142857143 0.09821428571428571 0.03236607142857143
1 0.453125 0.34263392857142855 0.033482142857142856 0.014508928571428572
1 0.8058035714285714 0.37276785714285715 0.08370535714285714 0.022321428571428572
1 0.6752232142857143 0.35044642857142855 0.05915178571428571 0.026785714285714284
1 0.59375 0.3470982142857143 0.05803571428571429 0.0234375
1 0.6328125 0.3549107142857143 0.041294642857142856 0.015625
1 0.43861607142857145 0.3470982142857143 0.022321428571428572 0.0078125
1 0.18638392857142858 0.38950892857142855 0.3080357142857143 0.06808035714285714
1 0.05022321428571429 0.42745535714285715 0.07366071428571429 0.030133928571428572
1 0.7444196428571429 0.3482142857142857 0.12053571428571429 0.04352678571428571
1 0.42745535714285715 0.3404017857142857 0.029017857142857144 0.008928571428571428
1 0.5100446428571429 0.3470982142857143 0.016741071428571428 0.008928571428571428
1 0.9654017857142857 0.39732142857142855 0.06919642857142858 0.030133928571428572
1 0.5435267857142857 0.33705357142857145 0.07366071428571429 0.016741071428571428
1 0.6584821428571429 0.33816964285714285 0.08370535714285714 0.026785714285714284
1 0.8962053571428571 0.3638392857142857 0.06808035714285714 0.049107142857142856
0 0.5178571428571429 0.5636160714285714 0.05915178571428571 0.06808035714285714