1 0.6272321428571429 0.23939732142857142 0.014508928571428572 0.04017857142857143
1 0.6344866071428571 0.3755580357142857 0.026785714285714284 0.05580357142857143
1 0.6322544642857143 0.33761160714285715 0.020089285714285716 0.04575892857142857
1 0.6473214285714286 0.7059151785714286 0.03459821428571429 0.10267857142857142
1 0.6607142857142857 0.5853794642857143 0.041294642857142856 0.12611607142857142
1 0.6238839285714286 0.86328125 0.08705357142857142 0.26450892857142855
1 0.6411830357142857 0.4213169642857143 0.020089285714285716 0.0390625
1 0.5792410714285714 0.05524553571428571 0.0625 0.11049107142857142
1 0.6143973214285714 0.9765625 0.04017857142857143 0.03794642857142857
1 0.6356026785714286 0.7857142857142857 0.04352678571428571 0.09598214285714286
0 0.40066964285714285 0.5072544642857143 0.07142857142857142 0.06361607142857142