1 0.36160714285714285 0.05747767857142857 0.08147321428571429 0.10267857142857142
1 0.33816964285714285 0.09263392857142858 0.026785714285714284 0.09375
1 0.5072544642857143 0.8816964285714286 0.11495535714285714 0.23660714285714285
1 0.3443080357142857 0.5334821428571429 0.06138392857142857 0.296875
1 0.36328125 0.6127232142857143 0.026785714285714284 0.078125
1 0.32533482142857145 0.1953125 0.044642857142857144 0.14285714285714285
1 0.42857142857142855 0.7924107142857143 0.08482142857142858 0.17299107142857142
1 0.3861607142857143 0.7940848214285714 0.041294642857142856 0.15066964285714285
1 0.5736607142857143 0.9168526785714286 0.07700892857142858 0.16294642857142858
1 0.36049107142857145 0.07477678571428571 0.025669642857142856 0.056919642857142856
1 0.32421875 0.30301339285714285 0.0234375 0.09598214285714286
0 0.5753348214285714 0.50390625 0.06808035714285714 0.06361607142857142