1 0.19363839285714285 0.34095982142857145 0.22544642857142858 0.10602678571428571
1 0.06584821428571429 0.34095982142857145 0.11049107142857142 0.08928571428571429
1 0.33872767857142855 0.3236607142857143 0.15959821428571427 0.05915178571428571
1 0.8091517857142857 0.38895089285714285 0.375 0.13392857142857142
1 0.6495535714285714 0.34877232142857145 0.05580357142857143 0.0234375
1 0.5440848214285714 0.33872767857142855 0.13169642857142858 0.03571428571428571
1 0.9319196428571429 0.4642857142857143 0.13616071428571427 0.08482142857142858
1 0.25167410714285715 0.34151785714285715 0.07700892857142858 0.0390625
1 0.6127232142857143 0.3560267857142857 0.03571428571428571 0.015625
1 0.41238839285714285 0.33035714285714285 0.03571428571428571 0.022321428571428572
0 0.4838169642857143 0.5580357142857143 0.06919642857142858 0.07589285714285714