1 0.39229910714285715 0.203125 0.14397321428571427 0.40625
1 0.3431919642857143 0.8214285714285714 0.125 0.3470982142857143
1 0.3286830357142857 0.5680803571428571 0.024553571428571428 0.08147321428571429
1 0.33370535714285715 0.6456473214285714 0.046875 0.12834821428571427
1 0.32310267857142855 0.6529017857142857 0.022321428571428572 0.05580357142857143
1 0.40122767857142855 0.9542410714285714 0.07366071428571429 0.0859375
1 0.38504464285714285 0.22488839285714285 0.041294642857142856 0.08928571428571429
1 0.3286830357142857 0.5033482142857143 0.014508928571428572 0.03125
1 0.35770089285714285 0.25558035714285715 0.03125 0.07254464285714286
1 0.33816964285714285 0.47935267857142855 0.014508928571428572 0.033482142857142856
1 0.34542410714285715 0.3989955357142857 0.021205357142857144 0.03459821428571429
0 0.5675223214285714 0.5145089285714286 0.07254464285714286 0.06696428571428571