1 0.4497767857142857 0.3470982142857143 0.25669642857142855 0.0390625
1 0.8046875 0.3705357142857143 0.12053571428571429 0.03794642857142857
1 0.578125 0.3392857142857143 0.0390625 0.014508928571428572
1 0.125 0.4419642857142857 0.22879464285714285 0.07477678571428571
1 0.3404017857142857 0.3638392857142857 0.09598214285714286 0.021205357142857144
1 0.6930803571428571 0.3482142857142857 0.05580357142857143 0.011160714285714286
1 0.265625 0.39955357142857145 0.12388392857142858 0.056919642857142856
1 0.4263392857142857 0.3515625 0.056919642857142856 0.017857142857142856
1 0.8560267857142857 0.3939732142857143 0.11383928571428571 0.06808035714285714
1 0.17745535714285715 0.3716517857142857 0.08258928571428571 0.026785714285714284
1 0.6428571428571429 0.34375 0.020089285714285716 0.006696428571428571
1 0.15401785714285715 0.38950892857142855 0.09709821428571429 0.05133928571428571
0 0.45089285714285715 0.578125 0.056919642857142856 0.06696428571428571