1 0.04352678571428571 0.5005580357142857 0.08705357142857142 0.12834821428571427
1 0.9391741071428571 0.6651785714285714 0.10379464285714286 0.0703125
1 0.6467633928571429 0.7059151785714286 0.04352678571428571 0.022321428571428572
1 0.75390625 0.7126116071428571 0.04241071428571429 0.018973214285714284
1 0.9369419642857143 0.6981026785714286 0.06138392857142857 0.025669642857142856
1 0.8046875 0.7047991071428571 0.05915178571428571 0.018973214285714284
1 0.4760044642857143 0.6852678571428571 0.06919642857142858 0.026785714285714284
1 0.41183035714285715 0.671875 0.078125 0.027901785714285716
1 0.2734375 0.6238839285714286 0.13616071428571427 0.060267857142857144
1 0.10379464285714286 0.5055803571428571 0.10379464285714286 0.04575892857142857
1 0.7248883928571429 0.70703125 0.020089285714285716 0.008928571428571428
1 0.22767857142857142 0.5837053571428571 0.234375 0.14174107142857142
1 0.15066964285714285 0.6333705357142857 0.13392857142857142 0.05133928571428571
1 0.04017857142857143 0.5591517857142857 0.08035714285714286 0.060267857142857144
1 0.8353794642857143 0.71484375 0.015625 0.0078125
1 0.5680803571428571 0.6981026785714286 0.11495535714285714 0.04352678571428571
0 0.5223214285714286 0.43917410714285715 0.06808035714285714 0.07589285714285714