1 0.6841517857142857 0.11997767857142858 0.07142857142857142 0.15513392857142858
1 0.5686383928571429 0.8141741071428571 0.17075892857142858 0.3716517857142857
1 0.6685267857142857 0.3671875 0.03236607142857143 0.08147321428571429
1 0.6696428571428571 0.24888392857142858 0.044642857142857144 0.1171875
1 0.65625 0.06305803571428571 0.09263392857142858 0.1015625
1 0.6238839285714286 0.6752232142857143 0.024553571428571428 0.07142857142857142
1 0.6668526785714286 0.4760044642857143 0.033482142857142856 0.08482142857142858
1 0.6802455357142857 0.22767857142857142 0.020089285714285716 0.052455357142857144
1 0.6635044642857143 0.40234375 0.020089285714285716 0.04017857142857143
1 0.6506696428571429 0.5245535714285714 0.011160714285714286 0.021205357142857144
1 0.6529017857142857 0.5100446428571429 0.013392857142857142 0.03125
1 0.6462053571428571 0.6049107142857143 0.03236607142857143 0.06919642857142858
0 0.40848214285714285 0.5083705357142857 0.07589285714285714 0.06808035714285714