1 0.3125 0.4302455357142857 0.06361607142857142 0.2857142857142857
1 0.36551339285714285 0.8203125 0.05133928571428571 0.13504464285714285
1 0.31361607142857145 0.5725446428571429 0.020089285714285716 0.04352678571428571
1 0.39341517857142855 0.09933035714285714 0.09486607142857142 0.19084821428571427
1 0.32198660714285715 0.30859375 0.03125 0.10714285714285714
1 0.3314732142857143 0.6986607142857143 0.016741071428571428 0.06361607142857142
1 0.35658482142857145 0.22377232142857142 0.07254464285714286 0.140625
1 0.31529017857142855 0.40345982142857145 0.024553571428571428 0.06361607142857142
1 0.3950892857142857 0.8755580357142857 0.08482142857142858 0.13058035714285715
1 0.31863839285714285 0.12779017857142858 0.03571428571428571 0.09375
1 0.32310267857142855 0.6434151785714286 0.008928571428571428 0.022321428571428572
1 0.3364955357142857 0.10100446428571429 0.06473214285714286 0.11049107142857142
0 0.5680803571428571 0.4146205357142857 0.078125 0.06808035714285714