1 0.33203125 0.056361607142857144 0.08928571428571429 0.09040178571428571
1 0.30691964285714285 0.08370535714285714 0.03236607142857143 0.10267857142857142
1 0.5161830357142857 0.9029017857142857 0.12611607142857142 0.19419642857142858
1 0.33035714285714285 0.5625 0.078125 0.3236607142857143
1 0.35379464285714285 0.6478794642857143 0.03236607142857143 0.0859375
1 0.2963169642857143 0.19587053571428573 0.05357142857142857 0.15625
1 0.43136160714285715 0.8404017857142857 0.09933035714285714 0.19084821428571427
1 0.38560267857142855 0.8443080357142857 0.05133928571428571 0.16294642857142858
1 0.58984375 0.9380580357142857 0.08258928571428571 0.11495535714285714
1 0.33091517857142855 0.06305803571428571 0.03125 0.06361607142857142
1 0.29854910714285715 0.3125 0.029017857142857144 0.10379464285714286
0 0.5797991071428571 0.5206473214285714 0.07589285714285714 0.0703125