1 0.7845982142857143 0.36607142857142855 0.40848214285714285 0.14620535714285715
1 0.17466517857142858 0.39174107142857145 0.34933035714285715 0.12723214285714285
1 0.4213169642857143 0.34765625 0.07924107142857142 0.025669642857142856
1 0.3482142857142857 0.36160714285714285 0.12388392857142858 0.046875
1 0.34095982142857145 0.3521205357142857 0.05357142857142857 0.021205357142857144
1 0.05133928571428571 0.46316964285714285 0.10267857142857142 0.07366071428571429
1 0.7566964285714286 0.36104910714285715 0.0859375 0.04017857142857143
1 0.484375 0.33984375 0.030133928571428572 0.015625
1 0.7237723214285714 0.33872767857142855 0.07142857142857142 0.03125
1 0.5072544642857143 0.34598214285714285 0.03236607142857143 0.013392857142857142
1 0.5853794642857143 0.3443080357142857 0.033482142857142856 0.020089285714285716
0 0.5016741071428571 0.5691964285714286 0.06584821428571429 0.07142857142857142