1 0.6395089285714286 0.29910714285714285 0.04017857142857143 0.0703125
1 0.6077008928571429 0.18805803571428573 0.030133928571428572 0.07924107142857142
1 0.6746651785714286 0.7204241071428571 0.0859375 0.2611607142857143
1 0.6579241071428571 0.40234375 0.04799107142857143 0.14285714285714285
1 0.6735491071428571 0.5368303571428571 0.010044642857142858 0.024553571428571428
1 0.6177455357142857 0.24051339285714285 0.014508928571428572 0.0390625
1 0.6104910714285714 0.9754464285714286 0.06138392857142857 0.03571428571428571
1 0.6635044642857143 0.8152901785714286 0.033482142857142856 0.08482142857142858
1 0.66796875 0.9369419642857143 0.10044642857142858 0.10379464285714286
1 0.5647321428571429 0.96484375 0.11607142857142858 0.0703125
1 0.6752232142857143 0.5881696428571429 0.013392857142857142 0.033482142857142856
0 0.4341517857142857 0.46316964285714285 0.08370535714285714 0.07589285714285714