1 0.43861607142857145 0.04743303571428571 0.12276785714285714 0.09486607142857142
1 0.45089285714285715 0.9246651785714286 0.078125 0.15066964285714285
1 0.35825892857142855 0.6389508928571429 0.022321428571428572 0.041294642857142856
1 0.37276785714285715 0.7371651785714286 0.018973214285714284 0.0390625
1 0.41685267857142855 0.9017857142857143 0.026785714285714284 0.05803571428571429
1 0.38839285714285715 0.7823660714285714 0.020089285714285716 0.0546875
1 0.34765625 0.47935267857142855 0.029017857142857144 0.06584821428571429
1 0.34933035714285715 0.4185267857142857 0.030133928571428572 0.07366071428571429
1 0.3677455357142857 0.28348214285714285 0.0625 0.12723214285714285
1 0.4453125 0.10770089285714286 0.04799107142857143 0.09821428571428571
1 0.3716517857142857 0.7103794642857143 0.010044642857142858 0.020089285714285716
1 0.39676339285714285 0.23493303571428573 0.14174107142857142 0.22321428571428573
1 0.33761160714285715 0.17354910714285715 0.05357142857142857 0.12611607142857142
1 0.38504464285714285 0.056361607142857144 0.05915178571428571 0.08258928571428571
1 0.38448660714285715 0.8119419642857143 0.008928571428571428 0.015625
1 0.35267857142857145 0.5652901785714286 0.044642857142857144 0.10825892857142858
0 0.5803571428571429 0.47767857142857145 0.07366071428571429 0.06696428571428571