1 0.875 0.36830357142857145 0.14397321428571427 0.05022321428571429
1 0.18415178571428573 0.3828125 0.3671875 0.11607142857142858
1 0.6361607142857143 0.34933035714285715 0.07700892857142858 0.020089285714285716
1 0.75 0.36495535714285715 0.109375 0.027901785714285716
1 0.9408482142857143 0.4029017857142857 0.11830357142857142 0.078125
1 0.33482142857142855 0.35044642857142855 0.06808035714285714 0.014508928571428572
1 0.53125 0.3359375 0.08035714285714286 0.022321428571428572
1 0.7712053571428571 0.35714285714285715 0.049107142857142856 0.012276785714285714
1 0.6015625 0.34933035714285715 0.036830357142857144 0.014508928571428572
1 0.48325892857142855 0.34486607142857145 0.020089285714285716 0.0078125
1 0.4966517857142857 0.34598214285714285 0.029017857142857144 0.0078125
1 0.40513392857142855 0.3392857142857143 0.06473214285714286 0.022321428571428572
0 0.4654017857142857 0.5792410714285714 0.056919642857142856 0.06584821428571429