1 0.5284598214285714 0.3314732142857143 0.23325892857142858 0.09263392857142858
1 0.26841517857142855 0.35379464285714285 0.24776785714285715 0.08928571428571429
1 0.08147321428571429 0.4419642857142857 0.16294642857142858 0.11830357142857142
1 0.40011160714285715 0.44642857142857145 0.28683035714285715 0.17857142857142858
1 0.8766741071428571 0.3013392857142857 0.22544642857142858 0.10491071428571429
1 0.44698660714285715 0.39732142857142855 0.16517857142857142 0.07924107142857142
1 0.9274553571428571 0.27455357142857145 0.11830357142857142 0.05133928571428571
1 0.5446428571428571 0.3091517857142857 0.07589285714285714 0.0390625
1 0.5892857142857143 0.30245535714285715 0.05580357142857143 0.025669642857142856
1 0.65234375 0.3080357142857143 0.06919642857142858 0.021205357142857144
1 0.6071428571428571 0.30357142857142855 0.03125 0.016741071428571428
1 0.8030133928571429 0.2896205357142857 0.10491071428571429 0.041294642857142856
0 0.5797991071428571 0.5680803571428571 0.07589285714285714 0.08147321428571429