1 0.8822544642857143 0.4135044642857143 0.23549107142857142 0.11495535714285714
1 0.9782366071428571 0.44029017857142855 0.04352678571428571 0.08816964285714286
1 0.7399553571428571 0.36049107142857145 0.16852678571428573 0.06584821428571429
1 0.24386160714285715 0.3169642857142857 0.3950892857142857 0.14620535714285715
1 0.41629464285714285 0.3130580357142857 0.060267857142857144 0.025669642857142856
1 0.5267857142857143 0.328125 0.13839285714285715 0.04017857142857143
1 0.09040178571428571 0.36439732142857145 0.16183035714285715 0.09151785714285714
1 0.8247767857142857 0.40066964285714285 0.08147321428571429 0.041294642857142856
1 0.45200892857142855 0.32979910714285715 0.036830357142857144 0.017857142857142856
1 0.6623883928571429 0.3510044642857143 0.03794642857142857 0.024553571428571428
0 0.5368303571428571 0.5675223214285714 0.07254464285714286 0.08035714285714286