1 0.2689732142857143 0.6417410714285714 0.036830357142857144 0.012276785714285714
1 0.3984375 0.6428571428571429 0.052455357142857144 0.022321428571428572
1 0.3627232142857143 0.6428571428571429 0.04241071428571429 0.016741071428571428
1 0.7154017857142857 0.6372767857142857 0.09709821428571429 0.027901785714285716
1 0.6015625 0.6573660714285714 0.11941964285714286 0.033482142857142856
1 0.8694196428571429 0.6082589285714286 0.26004464285714285 0.0703125
1 0.44308035714285715 0.6462053571428571 0.03571428571428571 0.016741071428571428
1 0.07142857142857142 0.6060267857142857 0.14174107142857142 0.0546875
1 0.9776785714285714 0.5926339285714286 0.044642857142857144 0.036830357142857144
1 0.7912946428571429 0.6238839285714286 0.09040178571428571 0.036830357142857144
0 0.5133928571428571 0.41183035714285715 0.05803571428571429 0.06584821428571429