1 0.04575892857142857 0.48995535714285715 0.08928571428571429 0.11160714285714286
1 0.9151785714285714 0.3984375 0.16964285714285715 0.05803571428571429
1 0.6127232142857143 0.34151785714285715 0.03794642857142857 0.017857142857142856
1 0.7098214285714286 0.34375 0.036830357142857144 0.013392857142857142
1 0.8738839285714286 0.3671875 0.0546875 0.018973214285714284
1 0.7555803571428571 0.35379464285714285 0.052455357142857144 0.013392857142857142
1 0.4575892857142857 0.35044642857142855 0.0625 0.020089285714285716
1 0.3984375 0.359375 0.06919642857142858 0.020089285714285716
1 0.2700892857142857 0.39285714285714285 0.11941964285714286 0.046875
1 0.109375 0.4888392857142857 0.09151785714285714 0.03571428571428571
1 0.6830357142857143 0.34598214285714285 0.018973214285714284 0.006696428571428571
1 0.2265625 0.4263392857142857 0.20535714285714285 0.11495535714285714
1 0.15959821428571427 0.37723214285714285 0.11941964285714286 0.03794642857142857
1 0.052455357142857144 0.43638392857142855 0.07477678571428571 0.049107142857142856
1 0.7834821428571429 0.34598214285714285 0.014508928571428572 0.005580357142857143
1 0.5412946428571429 0.34486607142857145 0.10267857142857142 0.03236607142857143
0 0.48325892857142855 0.5758928571428571 0.05803571428571429 0.06473214285714286