1 0.36495535714285715 0.6847098214285714 0.04799107142857143 0.10602678571428571
1 0.3404017857142857 0.5518973214285714 0.018973214285714284 0.036830357142857144
1 0.32142857142857145 0.18247767857142858 0.03571428571428571 0.08928571428571429
1 0.3169642857142857 0.32142857142857145 0.03571428571428571 0.06473214285714286
1 0.32533482142857145 0.40513392857142855 0.03236607142857143 0.06473214285714286
1 0.3275669642857143 0.36439732142857145 0.022321428571428572 0.044642857142857144
1 0.3482142857142857 0.56640625 0.011160714285714286 0.024553571428571428
1 0.42801339285714285 0.8203125 0.11383928571428571 0.328125
1 0.48716517857142855 0.9547991071428571 0.041294642857142856 0.08035714285714286
1 0.3046875 0.25 0.06138392857142857 0.13058035714285715
1 0.3431919642857143 0.5775669642857143 0.013392857142857142 0.03125
1 0.33761160714285715 0.49107142857142855 0.011160714285714286 0.017857142857142856
1 0.32645089285714285 0.03515625 0.03459821428571429 0.03459821428571429
1 0.32310267857142855 0.45814732142857145 0.027901785714285716 0.07924107142857142
1 0.30747767857142855 0.33984375 0.04017857142857143 0.09040178571428571
1 0.29799107142857145 0.08984375 0.060267857142857144 0.078125
0 0.5608258928571429 0.45200892857142855 0.07924107142857142 0.0703125