1 0.9464285714285714 0.39732142857142855 0.10714285714285714 0.07366071428571429
1 0.9073660714285714 0.3716517857142857 0.09040178571428571 0.020089285714285716
1 0.12053571428571429 0.48325892857142855 0.234375 0.09709821428571429
1 0.4765625 0.3482142857142857 0.2890625 0.04017857142857143
1 0.39732142857142855 0.36049107142857145 0.07589285714285714 0.021205357142857144
1 0.8080357142857143 0.35267857142857145 0.13839285714285715 0.033482142857142856
1 0.21763392857142858 0.41294642857142855 0.16517857142857142 0.07254464285714286
1 0.21875 0.3705357142857143 0.14508928571428573 0.03125
1 0.08705357142857142 0.5457589285714286 0.15625 0.06361607142857142
1 0.9229910714285714 0.3950892857142857 0.0546875 0.022321428571428572
1 0.703125 0.34375 0.09263392857142858 0.015625
0 0.48995535714285715 0.5758928571428571 0.056919642857142856 0.0625