1 0.31473214285714285 0.6975446428571429 0.04241071428571429 0.06808035714285714
1 0.3158482142857143 0.8063616071428571 0.033482142857142856 0.07477678571428571
1 0.3911830357142857 0.30747767857142855 0.09709821428571429 0.24665178571428573
1 0.3247767857142857 0.5993303571428571 0.05357142857142857 0.13504464285714285
1 0.34598214285714285 0.47377232142857145 0.010044642857142858 0.0234375
1 0.31863839285714285 0.7561383928571429 0.015625 0.036830357142857144
1 0.5228794642857143 0.056919642857142856 0.07254464285714286 0.11383928571428571
1 0.42689732142857145 0.22544642857142858 0.03571428571428571 0.08035714285714286
1 0.4614955357142857 0.08258928571428571 0.11495535714285714 0.16517857142857142
1 0.5619419642857143 0.07533482142857142 0.12611607142857142 0.15066964285714285
1 0.35658482142857145 0.42578125 0.014508928571428572 0.03125
0 0.5435267857142857 0.6015625 0.08258928571428571 0.07477678571428571