1 0.7008928571428571 0.3515625 0.060267857142857144 0.03125
1 0.8035714285714286 0.3705357142857143 0.06919642857142858 0.020089285714285716
1 0.31808035714285715 0.359375 0.23214285714285715 0.05357142857142857
1 0.6049107142857143 0.34486607142857145 0.12723214285714285 0.030133928571428572
1 0.48325892857142855 0.34375 0.021205357142857144 0.006696428571428571
1 0.7555803571428571 0.36607142857142855 0.03459821428571429 0.008928571428571428
1 0.0546875 0.4419642857142857 0.10714285714285714 0.052455357142857144
1 0.23325892857142858 0.3794642857142857 0.07477678571428571 0.022321428571428572
1 0.08370535714285714 0.3861607142857143 0.16629464285714285 0.08258928571428571
1 0.06808035714285714 0.48214285714285715 0.1328125 0.10044642857142858
1 0.43638392857142855 0.34598214285714285 0.029017857142857144 0.008928571428571428
0 0.5714285714285714 0.5524553571428571 0.06138392857142857 0.0703125