1 0.32700892857142855 0.5418526785714286 0.07142857142857142 0.28236607142857145
1 0.3125 0.15625 0.0546875 0.13392857142857142
1 0.3046875 0.40513392857142855 0.020089285714285716 0.04352678571428571
1 0.4654017857142857 0.8761160714285714 0.10714285714285714 0.24776785714285715
1 0.35714285714285715 0.6573660714285714 0.03459821428571429 0.10602678571428571
1 0.30078125 0.27957589285714285 0.018973214285714284 0.0625
1 0.40457589285714285 0.734375 0.07589285714285714 0.13950892857142858
1 0.3353794642857143 0.5669642857142857 0.026785714285714284 0.06361607142857142
1 0.33203125 0.09821428571428571 0.08705357142857142 0.12946428571428573
1 0.38560267857142855 0.8331473214285714 0.03794642857142857 0.09151785714285714
1 0.30189732142857145 0.33314732142857145 0.010044642857142858 0.022321428571428572
1 0.40736607142857145 0.85546875 0.06696428571428571 0.11160714285714286
0 0.5764508928571429 0.5133928571428571 0.078125 0.06919642857142858