1 0.18638392857142858 0.39285714285714285 0.3314732142857143 0.06919642857142858
1 0.3236607142857143 0.3482142857142857 0.11049107142857142 0.033482142857142856
1 0.6830357142857143 0.35044642857142855 0.06361607142857142 0.029017857142857144
1 0.4497767857142857 0.34151785714285715 0.029017857142857144 0.012276785714285714
1 0.8069196428571429 0.37388392857142855 0.08370535714285714 0.022321428571428572
1 0.5926339285714286 0.3470982142857143 0.05915178571428571 0.0234375
1 0.6328125 0.3549107142857143 0.04352678571428571 0.015625
1 0.4375 0.3470982142857143 0.0234375 0.0078125
1 0.03794642857142857 0.43080357142857145 0.07366071428571429 0.030133928571428572
1 0.42745535714285715 0.3404017857142857 0.029017857142857144 0.008928571428571428
1 0.5100446428571429 0.3470982142857143 0.016741071428571428 0.008928571428571428
1 0.9676339285714286 0.40066964285714285 0.06361607142857142 0.029017857142857144
1 0.7544642857142857 0.36830357142857145 0.036830357142857144 0.011160714285714286
1 0.9029017857142857 0.3671875 0.08258928571428571 0.05357142857142857
1 0.5424107142857143 0.3359375 0.06473214285714286 0.015625
1 0.6495535714285714 0.33816964285714285 0.060267857142857144 0.025669642857142856
0 0.5100446428571429 0.5636160714285714 0.060267857142857144 0.0703125