1 0.75390625 0.6121651785714286 0.09263392857142858 0.05022321428571429
1 0.33370535714285715 0.6902901785714286 0.14732142857142858 0.0625
1 0.45033482142857145 0.6729910714285714 0.11160714285714286 0.04017857142857143
1 0.9162946428571429 0.5513392857142857 0.11272321428571429 0.05022321428571429
1 0.5920758928571429 0.6551339285714286 0.09933035714285714 0.04241071428571429
1 0.13058035714285715 0.6227678571428571 0.24888392857142858 0.16294642857142858
1 0.19866071428571427 0.6869419642857143 0.13616071428571427 0.060267857142857144
1 0.6819196428571429 0.6227678571428571 0.06696428571428571 0.030133928571428572
1 0.29408482142857145 0.6785714285714286 0.13169642857142858 0.0546875
1 0.28794642857142855 0.7008928571428571 0.06361607142857142 0.03459821428571429
0 0.5011160714285714 0.4408482142857143 0.07254464285714286 0.08035714285714286