1 0.8180803571428571 0.3794642857142857 0.21428571428571427 0.08258928571428571
1 0.9464285714285714 0.3939732142857143 0.10602678571428571 0.078125
1 0.6785714285714286 0.3470982142857143 0.15401785714285715 0.04241071428571429
1 0.2109375 0.3638392857142857 0.36160714285714285 0.09375
1 0.3705357142857143 0.3404017857142857 0.0546875 0.017857142857142856
1 0.47544642857142855 0.34151785714285715 0.12834821428571427 0.022321428571428572
1 0.07366071428571429 0.4252232142857143 0.14508928571428573 0.06919642857142858
1 0.7611607142857143 0.375 0.07254464285714286 0.030133928571428572
1 0.40736607142857145 0.3515625 0.033482142857142856 0.012276785714285714
1 0.6049107142857143 0.3470982142857143 0.033482142857142856 0.018973214285714284
0 0.5122767857142857 0.5625 0.06138392857142857 0.06808035714285714