1 0.33035714285714285 0.49497767857142855 0.11049107142857142 0.22767857142857142
1 0.37779017857142855 0.7399553571428571 0.10825892857142858 0.2421875
1 0.48214285714285715 0.9123883928571429 0.13169642857142858 0.17522321428571427
1 0.453125 0.6060267857142857 0.19642857142857142 0.28683035714285715
1 0.265625 0.15401785714285715 0.125 0.24776785714285715
1 0.4017857142857143 0.5647321428571429 0.09151785714285714 0.16183035714285715
1 0.23381696428571427 0.109375 0.06473214285714286 0.14285714285714285
1 0.30747767857142855 0.48158482142857145 0.04352678571428571 0.07477678571428571
1 0.296875 0.4408482142857143 0.030133928571428572 0.0546875
1 0.2963169642857143 0.3794642857142857 0.027901785714285716 0.06696428571428571
1 0.29575892857142855 0.4224330357142857 0.018973214285714284 0.03125
1 0.26339285714285715 0.23772321428571427 0.049107142857142856 0.10267857142857142
0 0.55078125 0.42299107142857145 0.08370535714285714 0.07924107142857142