1 0.6964285714285714 0.31417410714285715 0.10825892857142858 0.04241071428571429
1 0.5569196428571429 0.31919642857142855 0.03794642857142857 0.017857142857142856
1 0.18136160714285715 0.37779017857142855 0.09040178571428571 0.03125
1 0.3203125 0.34486607142857145 0.06473214285714286 0.03236607142857143
1 0.4068080357142857 0.33426339285714285 0.06361607142857142 0.029017857142857144
1 0.36495535714285715 0.34598214285714285 0.044642857142857144 0.020089285714285716
1 0.5725446428571429 0.32254464285714285 0.024553571428571428 0.010044642857142858
1 0.8353794642857143 0.34877232142857145 0.31473214285714285 0.09375
1 0.9737723214285714 0.38058035714285715 0.04017857142857143 0.03459821428571429
1 0.24553571428571427 0.34765625 0.1328125 0.0546875
1 0.5831473214285714 0.31529017857142855 0.03236607142857143 0.012276785714285714
1 0.49609375 0.32924107142857145 0.018973214285714284 0.010044642857142858
1 0.025669642857142856 0.41517857142857145 0.05133928571428571 0.03571428571428571
1 0.45926339285714285 0.3203125 0.08035714285714286 0.0234375
1 0.33705357142857145 0.33035714285714285 0.09151785714285714 0.03571428571428571
1 0.08426339285714286 0.3744419642857143 0.07589285714285714 0.056919642857142856
0 0.5044642857142857 0.5613839285714286 0.06808035714285714 0.078125