1 0.7287946428571429 0.35714285714285715 0.08482142857142858 0.03571428571428571
1 0.31808035714285715 0.3470982142857143 0.13727678571428573 0.03794642857142857
1 0.43191964285714285 0.34598214285714285 0.10491071428571429 0.022321428571428572
1 0.890625 0.390625 0.10491071428571429 0.03125
1 0.5691964285714286 0.34151785714285715 0.09151785714285714 0.026785714285714284
1 0.125 0.4408482142857143 0.24776785714285715 0.12388392857142858
1 0.19196428571428573 0.36941964285714285 0.12611607142857142 0.03794642857142857
1 0.6584821428571429 0.35825892857142855 0.06138392857142857 0.020089285714285716
1 0.28348214285714285 0.3638392857142857 0.12276785714285714 0.03236607142857143
1 0.2734375 0.34375 0.05803571428571429 0.024553571428571428
0 0.5145089285714286 0.5569196428571429 0.05915178571428571 0.06808035714285714