1 0.7979910714285714 0.38169642857142855 0.38839285714285715 0.11495535714285714
1 0.1953125 0.36607142857142855 0.3560267857142857 0.09933035714285714
1 0.44754464285714285 0.3404017857142857 0.07477678571428571 0.018973214285714284
1 0.37611607142857145 0.34933035714285715 0.1171875 0.036830357142857144
1 0.36941964285714285 0.3392857142857143 0.05133928571428571 0.017857142857142856
1 0.06584821428571429 0.42745535714285715 0.13058035714285715 0.06473214285714286
1 0.7712053571428571 0.375 0.08035714285714286 0.033482142857142856
1 0.5089285714285714 0.33705357142857145 0.029017857142857144 0.012276785714285714
1 0.7410714285714286 0.3515625 0.06696428571428571 0.026785714285714284
1 0.53125 0.34486607142857145 0.030133928571428572 0.011160714285714286
1 0.6060267857142857 0.3470982142857143 0.03125 0.017857142857142856
0 0.5100446428571429 0.5591517857142857 0.060267857142857144 0.06473214285714286