1 0.32421875 0.26004464285714285 0.05022321428571429 0.09486607142857142
1 0.37388392857142855 0.6925223214285714 0.060267857142857144 0.15066964285714285
1 0.35546875 0.5719866071428571 0.04017857142857143 0.11383928571428571
1 0.3353794642857143 0.08370535714285714 0.049107142857142856 0.11495535714285714
1 0.33203125 0.4291294642857143 0.04241071428571429 0.10044642857142858
1 0.5005580357142857 0.8705357142857143 0.1640625 0.25892857142857145
1 0.41685267857142855 0.8214285714285714 0.05915178571428571 0.13839285714285715
1 0.3353794642857143 0.3325892857142857 0.030133928571428572 0.06808035714285714
1 0.3978794642857143 0.7260044642857143 0.052455357142857144 0.13392857142857142
1 0.37723214285714285 0.7393973214285714 0.03459821428571429 0.06473214285714286
0 0.5658482142857143 0.45479910714285715 0.08035714285714286 0.07254464285714286