1 0.27901785714285715 0.3560267857142857 0.2109375 0.06473214285714286
1 0.8080357142857143 0.37611607142857145 0.16183035714285715 0.04352678571428571
1 0.4654017857142857 0.33816964285714285 0.052455357142857144 0.016741071428571428
1 0.515625 0.3482142857142857 0.08928571428571429 0.0234375
1 0.7790178571428571 0.40736607142857145 0.041294642857142856 0.014508928571428572
1 0.875 0.44642857142857145 0.24776785714285715 0.15848214285714285
1 0.42410714285714285 0.3404017857142857 0.026785714285714284 0.014508928571428572
1 0.36049107142857145 0.33370535714285715 0.044642857142857144 0.013392857142857142
1 0.2857142857142857 0.33816964285714285 0.07142857142857142 0.03125
1 0.515625 0.3392857142857143 0.041294642857142856 0.006696428571428571
0 0.49330357142857145 0.5602678571428571 0.052455357142857144 0.06361607142857142
1 0.07589285714285714 0.4017857142857143 0.14397321428571427 0.05357142857142857