1 0.3638392857142857 0.3470982142857143 0.16071428571428573 0.04799107142857143
1 0.8426339285714286 0.4799107142857143 0.30691964285714285 0.17633928571428573
1 0.20535714285714285 0.453125 0.28013392857142855 0.1640625
1 0.7767857142857143 0.40736607142857145 0.32254464285714285 0.13058035714285715
1 0.13616071428571427 0.33816964285714285 0.11160714285714286 0.05580357142857143
1 0.26785714285714285 0.39620535714285715 0.19419642857142858 0.09709821428571429
1 0.21205357142857142 0.3482142857142857 0.07366071428571429 0.027901785714285716
1 0.6685267857142857 0.3950892857142857 0.15401785714285715 0.10044642857142858
1 0.109375 0.32924107142857145 0.04575892857142857 0.022321428571428572
1 0.6986607142857143 0.34598214285714285 0.10825892857142858 0.015625
1 0.40848214285714285 0.3325892857142857 0.078125 0.018973214285714284
1 0.32142857142857145 0.3325892857142857 0.04575892857142857 0.017857142857142856
1 0.13058035714285715 0.3203125 0.05022321428571429 0.020089285714285716
0 0.4810267857142857 0.5736607142857143 0.052455357142857144 0.060267857142857144