1 0.15848214285714285 0.36830357142857145 0.203125 0.0703125
1 0.36607142857142855 0.34151785714285715 0.07366071428571429 0.0234375
1 0.29910714285714285 0.3404017857142857 0.06808035714285714 0.021205357142857144
1 0.7879464285714286 0.32700892857142855 0.42410714285714285 0.13839285714285715
1 0.23214285714285715 0.3482142857142857 0.09933035714285714 0.03125
1 0.6171875 0.35044642857142855 0.18526785714285715 0.06361607142857142
1 0.5401785714285714 0.32142857142857145 0.1328125 0.033482142857142856
1 0.2779017857142857 0.3392857142857143 0.0234375 0.012276785714285714
1 0.09375 0.34486607142857145 0.05022321428571429 0.0234375
1 0.3828125 0.33370535714285715 0.0390625 0.011160714285714286
1 0.5 0.3236607142857143 0.05803571428571429 0.0234375
1 0.5580357142857143 0.3515625 0.07477678571428571 0.046875
0 0.46875 0.5647321428571429 0.0546875 0.06696428571428571