1 0.7533482142857143 0.4095982142857143 0.49107142857142855 0.19308035714285715
1 0.05078125 0.43973214285714285 0.1015625 0.05580357142857143
1 0.18917410714285715 0.40401785714285715 0.06584821428571429 0.024553571428571428
1 0.25 0.3984375 0.10267857142857142 0.04575892857142857
1 0.43917410714285715 0.34263392857142855 0.3013392857142857 0.11495535714285714
1 0.16294642857142858 0.4017857142857143 0.0390625 0.018973214285714284
1 0.09988839285714286 0.4185267857142857 0.09151785714285714 0.03125
1 0.21205357142857142 0.3950892857142857 0.03571428571428571 0.016741071428571428
1 0.40234375 0.48270089285714285 0.328125 0.11272321428571429
1 0.08649553571428571 0.42075892857142855 0.025669642857142856 0.011160714285714286
1 0.07254464285714286 0.41517857142857145 0.0234375 0.012276785714285714
0 0.4263392857142857 0.5658482142857143 0.0625 0.09151785714285714