1 0.2806919642857143 0.6478794642857143 0.23102678571428573 0.08482142857142858
1 0.8498883928571429 0.6662946428571429 0.17633928571428573 0.05915178571428571
1 0.47935267857142855 0.6808035714285714 0.05803571428571429 0.0234375
1 0.5345982142857143 0.6746651785714286 0.09598214285714286 0.03125
1 0.8197544642857143 0.6300223214285714 0.04575892857142857 0.018973214285714284
1 0.8939732142857143 0.5948660714285714 0.21205357142857142 0.18303571428571427
1 0.43638392857142855 0.67578125 0.029017857142857144 0.017857142857142856
1 0.3666294642857143 0.6774553571428571 0.049107142857142856 0.017857142857142856
1 0.28683035714285715 0.6674107142857143 0.07924107142857142 0.04017857142857143
1 0.5329241071428571 0.68359375 0.044642857142857144 0.010044642857142858
0 0.5262276785714286 0.4447544642857143 0.06138392857142857 0.07142857142857142
1 0.07310267857142858 0.5831473214285714 0.14620535714285715 0.06808035714285714