1 0.6573660714285714 0.3325892857142857 0.06473214285714286 0.17857142857142858
1 0.5491071428571429 0.8448660714285714 0.21205357142857142 0.31026785714285715
1 0.5306919642857143 0.16796875 0.19977678571428573 0.3169642857142857
1 0.6227678571428571 0.7868303571428571 0.16741071428571427 0.36160714285714285
1 0.6501116071428571 0.08314732142857142 0.06919642857142858 0.12611607142857142
1 0.59765625 0.23158482142857142 0.12053571428571429 0.21875
1 0.6456473214285714 0.16741071428571427 0.03571428571428571 0.08258928571428571
1 0.6283482142857143 0.66796875 0.12053571428571429 0.17522321428571427
1 0.6579241071428571 0.05357142857142857 0.027901785714285716 0.05022321428571429
1 0.6847098214285714 0.6975446428571429 0.024553571428571428 0.11941964285714286
1 0.6774553571428571 0.38002232142857145 0.026785714285714284 0.0859375
1 0.6707589285714286 0.2845982142857143 0.0234375 0.05022321428571429
1 0.6685267857142857 0.07645089285714286 0.024553571428571428 0.05580357142857143
0 0.42020089285714285 0.47767857142857145 0.06919642857142858 0.0625