1 0.390625 0.7327008928571429 0.13839285714285715 0.32924107142857145
1 0.3392857142857143 0.3080357142857143 0.11830357142857142 0.24665178571428573
1 0.34542410714285715 0.10881696428571429 0.18415178571428573 0.20647321428571427
1 0.29185267857142855 0.30189732142857145 0.06473214285714286 0.14955357142857142
1 0.3041294642857143 0.40736607142857145 0.05133928571428571 0.09933035714285714
1 0.3666294642857143 0.88671875 0.06696428571428571 0.10714285714285714
1 0.3392857142857143 0.7952008928571429 0.0546875 0.14174107142857142
1 0.3404017857142857 0.38895089285714285 0.05803571428571429 0.10714285714285714
1 0.2924107142857143 0.11662946428571429 0.078125 0.15401785714285715
1 0.32142857142857145 0.6802455357142857 0.036830357142857144 0.07924107142857142
1 0.31361607142857145 0.4564732142857143 0.016741071428571428 0.0390625
0 0.5931919642857143 0.5005580357142857 0.07477678571428571 0.06361607142857142