1 0.34375 0.6467633928571429 0.12053571428571429 0.29910714285714285
1 0.37220982142857145 0.2578125 0.10379464285714286 0.22321428571428573
1 0.41127232142857145 0.08649553571428571 0.1640625 0.17299107142857142
1 0.32979910714285715 0.24441964285714285 0.056919642857142856 0.13504464285714285
1 0.32254464285714285 0.33984375 0.044642857142857144 0.09040178571428571
1 0.29520089285714285 0.7801339285714286 0.05915178571428571 0.09709821428571429
1 0.28683035714285715 0.6930803571428571 0.04799107142857143 0.12834821428571427
1 0.35770089285714285 0.33091517857142855 0.05133928571428571 0.09709821428571429
1 0.36216517857142855 0.07924107142857142 0.06808035714285714 0.13950892857142858
1 0.29073660714285715 0.5881696428571429 0.03125 0.07254464285714286
1 0.32254464285714285 0.3872767857142857 0.015625 0.03571428571428571
0 0.5636160714285714 0.47433035714285715 0.06696428571428571 0.056919642857142856