1 0.22935267857142858 0.6411830357142857 0.23325892857142858 0.08035714285714286
1 0.40736607142857145 0.6746651785714286 0.0546875 0.020089285714285716
1 0.4603794642857143 0.6696428571428571 0.07700892857142858 0.024553571428571428
1 0.7193080357142857 0.6785714285714286 0.11272321428571429 0.03125
1 0.30580357142857145 0.6685267857142857 0.04575892857142857 0.020089285714285716
1 0.36495535714285715 0.6696428571428571 0.027901785714285716 0.018973214285714284
1 0.8404017857142857 0.6222098214285714 0.31138392857142855 0.15959821428571427
1 0.34765625 0.6595982142857143 0.0546875 0.0234375
1 0.7606026785714286 0.6434151785714286 0.14620535714285715 0.08816964285714286
1 0.22488839285714285 0.6573660714285714 0.07477678571428571 0.03459821428571429
0 0.47377232142857145 0.4453125 0.060267857142857144 0.0703125
1 0.053013392857142856 0.5809151785714286 0.10602678571428571 0.05915178571428571