1 0.7834821428571429 0.39285714285714285 0.18415178571428573 0.0546875
1 0.8928571428571429 0.6428571428571429 0.21316964285714285 0.27566964285714285
1 0.6506696428571429 0.36830357142857145 0.12611607142857142 0.04241071428571429
1 0.9631696428571429 0.4263392857142857 0.07366071428571429 0.03459821428571429
1 0.5479910714285714 0.3515625 0.14397321428571427 0.041294642857142856
1 0.359375 0.359375 0.125 0.029017857142857144
1 0.4375 0.3404017857142857 0.0703125 0.026785714285714284
1 0.34933035714285715 0.3392857142857143 0.06584821428571429 0.022321428571428572
1 0.484375 0.3549107142857143 0.08816964285714286 0.027901785714285716
1 0.2857142857142857 0.34598214285714285 0.060267857142857144 0.014508928571428572
1 0.9430803571428571 0.40625 0.04241071428571429 0.011160714285714286
1 0.29910714285714285 0.359375 0.03236607142857143 0.017857142857142856
0 0.484375 0.5747767857142857 0.05022321428571429 0.056919642857142856