1 0.609375 0.23660714285714285 0.10044642857142858 0.24441964285714285
1 0.6573660714285714 0.41796875 0.025669642857142856 0.056919642857142856
1 0.65625 0.47265625 0.03125 0.08147321428571429
1 0.68359375 0.7399553571428571 0.0390625 0.11830357142857142
1 0.6439732142857143 0.3130580357142857 0.024553571428571428 0.04799107142857143
1 0.6495535714285714 0.3755580357142857 0.020089285714285716 0.030133928571428572
1 0.6322544642857143 0.8487723214285714 0.1796875 0.28794642857142855
1 0.63671875 0.35770089285714285 0.029017857142857144 0.05803571428571429
1 0.6506696428571429 0.78515625 0.10044642857142858 0.15513392857142858
1 0.6266741071428571 0.23102678571428573 0.041294642857142856 0.078125
0 0.42578125 0.5027901785714286 0.078125 0.06696428571428571
1 0.5345982142857143 0.05747767857142857 0.06919642857142858 0.11495535714285714