1 0.3404017857142857 0.35714285714285715 0.29129464285714285 0.09598214285714286
1 0.7299107142857143 0.3515625 0.21651785714285715 0.08482142857142858
1 0.9107142857142857 0.375 0.17522321428571427 0.14955357142857142
1 0.7399553571428571 0.3080357142857143 0.13169642857142858 0.04575892857142857
1 0.6439732142857143 0.3091517857142857 0.08705357142857142 0.036830357142857144
1 0.203125 0.3203125 0.09263392857142858 0.05133928571428571
1 0.2890625 0.3046875 0.12611607142857142 0.036830357142857144
1 0.65625 0.34375 0.09375 0.04352678571428571
1 0.9073660714285714 0.32589285714285715 0.13504464285714285 0.056919642857142856
1 0.3939732142857143 0.29910714285714285 0.0703125 0.025669642857142856
1 0.5970982142857143 0.31361607142857145 0.03459821428571429 0.012276785714285714
0 0.53125 0.5613839285714286 0.05133928571428571 0.0625