1 0.7410714285714286 0.4263392857142857 0.4720982142857143 0.14620535714285715
1 0.05357142857142857 0.39620535714285715 0.10714285714285714 0.04575892857142857
1 0.1953125 0.37388392857142855 0.0625 0.018973214285714284
1 0.2544642857142857 0.37276785714285715 0.09598214285714286 0.03571428571428571
1 0.43973214285714285 0.3359375 0.2845982142857143 0.0859375
1 0.16964285714285715 0.36941964285714285 0.036830357142857144 0.015625
1 0.10714285714285714 0.3794642857142857 0.0859375 0.0234375
1 0.21651785714285715 0.3671875 0.033482142857142856 0.012276785714285714
1 0.39285714285714285 0.46763392857142855 0.31026785714285715 0.08147321428571429
1 0.09486607142857142 0.38058035714285715 0.0234375 0.008928571428571428
1 0.08147321428571429 0.37388392857142855 0.021205357142857144 0.008928571428571428
0 0.40848214285714285 0.5479910714285714 0.052455357142857144 0.08370535714285714