1 0.1796875 0.36830357142857145 0.35714285714285715 0.125
1 0.9358258928571429 0.37723214285714285 0.12834821428571427 0.046875
1 0.7371651785714286 0.34988839285714285 0.08816964285714286 0.030133928571428572
1 0.45145089285714285 0.3549107142857143 0.23214285714285715 0.09486607142857142
1 0.97265625 0.4140625 0.0546875 0.04241071428571429
1 0.8018973214285714 0.35435267857142855 0.06361607142857142 0.017857142857142856
1 0.890625 0.3638392857142857 0.09263392857142858 0.025669642857142856
1 0.8521205357142857 0.35658482142857145 0.041294642857142856 0.014508928571428572
1 0.8342633928571429 0.35267857142857145 0.036830357142857144 0.014508928571428572
1 0.6244419642857143 0.33705357142857145 0.12723214285714285 0.03794642857142857
1 0.8688616071428571 0.35658482142857145 0.016741071428571428 0.010044642857142858
1 0.9107142857142857 0.3599330357142857 0.04017857142857143 0.017857142857142856
0 0.4654017857142857 0.5608258928571429 0.0546875 0.06584821428571429