1 0.28013392857142855 0.3627232142857143 0.21428571428571427 0.06138392857142857
1 0.44754464285714285 0.34375 0.05022321428571429 0.015625
1 0.4966517857142857 0.3515625 0.07142857142857142 0.017857142857142856
1 0.7399553571428571 0.36049107142857145 0.10491071428571429 0.021205357142857144
1 0.35267857142857145 0.34263392857142855 0.041294642857142856 0.015625
1 0.40848214285714285 0.34486607142857145 0.024553571428571428 0.015625
1 0.8537946428571429 0.42075892857142855 0.29129464285714285 0.12946428571428573
1 0.39174107142857145 0.35379464285714285 0.05022321428571429 0.018973214285714284
1 0.7767857142857143 0.39620535714285715 0.13169642857142858 0.07366071428571429
1 0.27566964285714285 0.3470982142857143 0.06808035714285714 0.029017857142857144
0 0.49441964285714285 0.5613839285714286 0.052455357142857144 0.06361607142857142
1 0.08147321428571429 0.40736607142857145 0.15513392857142858 0.04799107142857143