1 0.1640625 0.37723214285714285 0.19196428571428573 0.06584821428571429
1 0.359375 0.3515625 0.06919642857142858 0.021205357142857144
1 0.296875 0.3515625 0.06361607142857142 0.020089285714285716
1 0.7790178571428571 0.33816964285714285 0.4408482142857143 0.12946428571428573
1 0.234375 0.35825892857142855 0.09375 0.029017857142857144
1 0.5970982142857143 0.36049107142857145 0.17522321428571427 0.060267857142857144
1 0.5245535714285714 0.3325892857142857 0.125 0.03236607142857143
1 0.2767857142857143 0.34933035714285715 0.022321428571428572 0.011160714285714286
1 0.10379464285714286 0.3549107142857143 0.046875 0.022321428571428572
1 0.37611607142857145 0.34486607142857145 0.036830357142857144 0.010044642857142858
1 0.48660714285714285 0.33482142857142855 0.0546875 0.021205357142857144
1 0.5412946428571429 0.36160714285714285 0.0703125 0.04352678571428571
0 0.4575892857142857 0.5625 0.05133928571428571 0.06361607142857142