1 0.7795758928571429 0.6411830357142857 0.20758928571428573 0.09040178571428571
1 0.9006696428571429 0.4107142857142857 0.19866071428571427 0.28125
1 0.6328125 0.6450892857142857 0.14397321428571427 0.06808035714285714
1 0.9614955357142857 0.6328125 0.05133928571428571 0.044642857142857144
1 0.5189732142857143 0.6450892857142857 0.16294642857142858 0.06919642857142858
1 0.31640625 0.6043526785714286 0.140625 0.052455357142857144
1 0.3978794642857143 0.6383928571428571 0.08035714285714286 0.041294642857142856
1 0.30189732142857145 0.6244419642857143 0.07589285714285714 0.03571428571428571
1 0.45089285714285715 0.6311383928571429 0.09933035714285714 0.044642857142857144
1 0.234375 0.6060267857142857 0.06696428571428571 0.025669642857142856
1 0.9547991071428571 0.6545758928571429 0.04799107142857143 0.018973214285714284
1 0.25223214285714285 0.5943080357142857 0.03794642857142857 0.025669642857142856
0 0.4877232142857143 0.39285714285714285 0.06473214285714286 0.0703125