1 0.7912946428571429 0.38839285714285715 0.34375 0.109375
1 0.0703125 0.38392857142857145 0.13839285714285715 0.041294642857142856
1 0.265625 0.36160714285714285 0.08147321428571429 0.026785714285714284
1 0.5323660714285714 0.3705357142857143 0.21540178571428573 0.08482142857142858
1 0.03459821428571429 0.4185267857142857 0.06919642857142858 0.0390625
1 0.20535714285714285 0.36495535714285715 0.05915178571428571 0.015625
1 0.12276785714285714 0.3716517857142857 0.0859375 0.022321428571428572
1 0.15848214285714285 0.36607142857142855 0.03794642857142857 0.013392857142857142
1 0.17522321428571427 0.3627232142857143 0.03459821428571429 0.012276785714285714
1 0.3705357142857143 0.3515625 0.11830357142857142 0.033482142857142856
1 0.14397321428571427 0.36607142857142855 0.015625 0.008928571428571428
1 0.10267857142857142 0.36830357142857145 0.036830357142857144 0.015625
0 0.515625 0.5625 0.05022321428571429 0.060267857142857144