1 0.5669642857142857 0.7438616071428571 0.20089285714285715 0.5122767857142857
1 0.6623883928571429 0.04241071428571429 0.05357142857142857 0.06361607142857142
1 0.6746651785714286 0.16796875 0.025669642857142856 0.06808035714285714
1 0.6702008928571429 0.23158482142857142 0.04799107142857143 0.10714285714285714
1 0.6930803571428571 0.4341517857142857 0.11941964285714286 0.31361607142857145
1 0.6824776785714286 0.14174107142857142 0.020089285714285716 0.04017857142857143
1 0.6774553571428571 0.07310267857142858 0.03236607142857143 0.09598214285714286
1 0.6791294642857143 0.19196428571428573 0.016741071428571428 0.03794642857142857
1 0.5558035714285714 0.3716517857142857 0.1171875 0.3404017857142857
1 0.6774553571428571 0.060825892857142856 0.012276785714285714 0.026785714285714284
1 0.6852678571428571 0.046875 0.012276785714285714 0.0234375
0 0.46763392857142855 0.38058035714285715 0.09486607142857142 0.06473214285714286