1 0.14899553571428573 0.43080357142857145 0.20870535714285715 0.09598214285714286
1 0.3482142857142857 0.37611607142857145 0.07477678571428571 0.03236607142857143
1 0.28292410714285715 0.38392857142857145 0.06919642857142858 0.030133928571428572
1 0.76171875 0.30301339285714285 0.43973214285714285 0.19419642857142858
1 0.21763392857142858 0.40122767857142855 0.1015625 0.044642857142857144
1 0.5959821428571429 0.34988839285714285 0.18973214285714285 0.08816964285714286
1 0.515625 0.33203125 0.13504464285714285 0.05133928571428571
1 0.26060267857142855 0.3861607142857143 0.024553571428571428 0.015625
1 0.08258928571428571 0.41685267857142855 0.052455357142857144 0.030133928571428572
1 0.3638392857142857 0.36607142857142855 0.04017857142857143 0.015625
1 0.4765625 0.34095982142857145 0.05915178571428571 0.030133928571428572
1 0.5379464285714286 0.359375 0.07924107142857142 0.05580357142857143
0 0.4799107142857143 0.5803571428571429 0.06361607142857142 0.07366071428571429