1 0.6400669642857143 0.7438616071428571 0.07589285714285714 0.22544642857142858
1 0.6383928571428571 0.18415178571428573 0.05133928571428571 0.17075892857142858
1 0.6646205357142857 0.5479910714285714 0.020089285714285716 0.056919642857142856
1 0.6568080357142857 0.49441964285714285 0.027901785714285716 0.09486607142857142
1 0.6037946428571429 0.21428571428571427 0.016741071428571428 0.04352678571428571
1 0.5669642857142857 0.12276785714285714 0.17522321428571427 0.24553571428571427
1 0.6623883928571429 0.5904017857142857 0.016741071428571428 0.027901785714285716
1 0.6651785714285714 0.6590401785714286 0.014508928571428572 0.046875
1 0.6579241071428571 0.7366071428571429 0.03571428571428571 0.07700892857142858
1 0.6662946428571429 0.4955357142857143 0.0078125 0.04352678571428571
0 0.43136160714285715 0.5100446428571429 0.06919642857142858 0.05803571428571429
1 0.5831473214285714 0.9397321428571429 0.06138392857142857 0.12053571428571429