1 0.31138392857142855 0.65234375 0.17299107142857142 0.0703125
1 0.828125 0.5747767857142857 0.34375 0.22321428571428573
1 0.16015625 0.5223214285714286 0.31473214285714285 0.20758928571428573
1 0.7522321428571429 0.6422991071428571 0.3549107142857143 0.17857142857142858
1 0.07198660714285714 0.6328125 0.12388392857142858 0.07254464285714286
1 0.21819196428571427 0.5904017857142857 0.21651785714285715 0.12611607142857142
1 0.15290178571428573 0.6328125 0.08147321428571429 0.03794642857142857
1 0.63671875 0.6417410714285714 0.17410714285714285 0.125
1 0.04296875 0.6395089285714286 0.05022321428571429 0.029017857142857144
1 0.6623883928571429 0.6975446428571429 0.11495535714285714 0.030133928571428572
1 0.35714285714285715 0.6746651785714286 0.08482142857142858 0.030133928571428572
1 0.2650669642857143 0.6635044642857143 0.05022321428571429 0.024553571428571428
1 0.06305803571428571 0.6512276785714286 0.0546875 0.027901785714285716
0 0.46316964285714285 0.43136160714285715 0.06361607142857142 0.0703125