1 0.31752232142857145 0.20479910714285715 0.17299107142857142 0.37388392857142855
1 0.43136160714285715 0.9453125 0.06361607142857142 0.109375
1 0.37779017857142855 0.7622767857142857 0.04241071428571429 0.09151785714285714
1 0.34263392857142855 0.47767857142857145 0.12723214285714285 0.24330357142857142
1 0.47488839285714285 0.9799107142857143 0.04799107142857143 0.04017857142857143
1 0.3911830357142857 0.8270089285714286 0.026785714285714284 0.06584821428571429
1 0.41294642857142855 0.9140625 0.0390625 0.09486607142857142
1 0.40066964285714285 0.8772321428571429 0.020089285714285716 0.04241071428571429
1 0.3939732142857143 0.859375 0.018973214285714284 0.03794642857142857
1 0.34877232142857145 0.6529017857142857 0.0546875 0.13169642857142858
1 0.4029017857142857 0.8928571428571429 0.012276785714285714 0.017857142857142856
1 0.41294642857142855 0.9352678571428571 0.022321428571428572 0.04241071428571429
0 0.5496651785714286 0.46261160714285715 0.07254464285714286 0.06361607142857142